1716826755991 2.2995245456695557 0
1716826756509 2.2856223583221436 10
1716826757107 2.2739040851593018 20
1716826757673 2.2563316822052 30
1716826758176 2.2222886085510254 40
1716826758678 2.1618480682373047 50
1716826759181 2.0739660263061523 60
1716826759700 1.9034541845321655 70
1716826760188 1.6602656841278076 80
1716826760691 1.149346113204956 90
1716826761193 0.7292531728744507 100
1716826761696 0.7880844473838806 110
1716826762199 0.6681128144264221 120
1716826762702 0.5417011380195618 130
1716826763204 0.391156405210495 140
1716826763692 0.6235175728797913 150
1716826764259 0.5380720496177673 160
1716826764779 0.4079219698905945 170
1716826765297 0.45707929134368896 180
1716826765784 0.429922491312027 190
1716826766302 0.3596518933773041 200
1716826766805 0.37349817156791687 210
1716826767307 0.47525057196617126 220
1716826767827 0.5903856754302979 230
1716826768378 0.4424456059932709 240
1716826768943 0.7184420228004456 250
1716826769509 0.4922780394554138 260
1716826770012 0.27725327014923096 270
1716826770529 0.46225523948669434 280
1716826771032 0.41210851073265076 290
1716826771535 0.3174308240413666 300
1716826772038 0.43582361936569214 310
1716826772557 0.34408679604530334 320
1716826773059 0.3676227331161499 330
1716826773578 0.19675032794475555 340
1716826774097 0.3352929949760437 350
1716826774616 0.30054447054862976 360
1716826775181 0.27582743763923645 370
1716826775762 0.3521941602230072 380
1716826776327 0.31942442059516907 390
1716826776892 0.29019588232040405 400
1716826777490 0.28867822885513306 410
1716826778040 0.366456001996994 420
1716826778622 0.3223448395729065 430
1716826779172 0.3508089780807495 440
1716826779722 0.27308768033981323 450
1716826780257 0.36703309416770935 460
1716826780822 0.18915893137454987 470
1716826781370 0.3077864348888397 480
1716826781906 0.39761069416999817 490
1716826782455 0.20026320219039917 500
1716826783005 0.32478922605514526 510
1716826783649 0.3843602240085602 520
1716826784356 0.17950184643268585 530
1716826785094 0.33853548765182495 540
1716826785770 0.24821017682552338 550
1716826786382 0.46014273166656494 560
1716826787057 0.31228336691856384 570
1716826787603 0.5260646939277649 580
1716826788157 0.34260255098342896 590
1716826788674 0.20733825862407684 600
1716826789271 0.3425464332103729 610
1716826789820 0.5456576347351074 620
1716826790370 0.2896949350833893 630
1716826790921 0.19937419891357422 640
1716826791486 0.21032753586769104 650
1716826792035 0.23627442121505737 660
1716826792553 0.22197474539279938 670
1716826793103 0.2065618634223938 680
1716826793653 0.25636032223701477 690
1716826794203 0.26885709166526794 700
1716826794737 0.11741586774587631 710
1716826795287 0.5143042206764221 720
1716826795838 0.28451400995254517 730
1716826796372 0.2787097692489624 740
1716826796924 0.2368958741426468 750
1716826797486 0.24488960206508636 760
1716826798026 0.42821553349494934 770
1716826798571 0.14526879787445068 780
1716826799121 0.11211070418357849 790
1716826799686 0.31856656074523926 800
1716826800286 0.08194476366043091 810
1716826800804 0.2017274647951126 820
1716826801339 0.22876304388046265 830
1716826801983 0.40682315826416016 840
1716826802535 0.15334436297416687 850
1716826803081 0.18026112020015717 860
1716826803615 0.2668460011482239 870
1716826804167 0.13624249398708344 880
1716826804715 0.17864859104156494 890
1716826805282 0.24801519513130188 900
1716826805848 0.24981193244457245 910
1716826806383 0.3189278841018677 920
1716826806933 0.27817705273628235 930
