1716827210264 2.2934296131134033 0
1716827211331 2.2888100147247314 10
1716827212395 2.2801005840301514 20
1716827213434 2.273784637451172 30
1716827214435 2.2588140964508057 40
1716827215343 2.23148512840271 50
1716827216274 2.2130470275878906 60
1716827217227 2.130737781524658 70
1716827218166 2.10557222366333 80
1716827219121 1.9008679389953613 90
1716827220144 1.7007514238357544 100
1716827221144 1.2857483625411987 110
1716827222087 0.9684587121009827 120
1716827222997 0.7621579766273499 130
1716827223920 0.723389208316803 140
1716827224970 0.5659969449043274 150
1716827225942 0.6694872379302979 160
1716827226891 0.4643475413322449 170
1716827227839 0.4883456826210022 180
1716827228780 0.5395703911781311 190
1716827229721 0.4827966094017029 200
1716827230725 0.47149458527565 210
1716827231657 0.3523061275482178 220
1716827232606 0.4179420471191406 230
1716827233500 0.5039576292037964 240
1716827234552 0.40095022320747375 250
1716827235635 0.4549119472503662 260
1716827236793 0.4113227427005768 270
1716827237772 0.24896256625652313 280
1716827238800 0.2821686565876007 290
1716827239761 0.388150691986084 300
1716827240728 0.48858803510665894 310
1716827241722 0.3621532917022705 320
1716827242644 0.3537070155143738 330
1716827243567 0.46872949600219727 340
1716827244491 0.24918252229690552 350
1716827245458 0.22655849158763885 360
1716827246438 0.1803314983844757 370
1716827247347 0.27291813492774963 380
1716827248319 0.3837031126022339 390
1716827249305 0.252299427986145 400
1716827250310 0.26562628149986267 410
1716827251221 0.28479355573654175 420
1716827252143 0.32650649547576904 430
1716827253068 0.18684890866279602 440
1716827254025 0.27509942650794983 450
1716827254951 0.45630601048469543 460
1716827255919 0.3749268651008606 470
1716827256785 0.22746145725250244 480
1716827257662 0.30967986583709717 490
1716827258557 0.4529058635234833 500
1716827259435 0.2288942188024521 510
1716827260327 0.4054427146911621 520
1716827261256 0.28191694617271423 530
1716827262148 0.3315594494342804 540
1716827262935 0.1277528554201126 550
1716827263668 0.348470538854599 560
1716827264421 0.2258172631263733 570
1716827265094 0.5338882207870483 580
1716827265808 0.2009224146604538 590
1716827266523 0.19193512201309204 600
1716827267289 0.21433058381080627 610
1716827268012 0.22101262211799622 620
1716827268827 0.27653634548187256 630
1716827269642 0.22039233148097992 640
1716827270441 0.3809625208377838 650
1716827271194 0.18227365612983704 660
1716827271919 0.382194459438324 670
1716827272653 0.1117074191570282 680
1716827273375 0.3281494677066803 690
1716827274142 0.2497420608997345 700
1716827274919 0.21750780940055847 710
1716827275693 0.23614710569381714 720
1716827276477 0.29589027166366577 730
1716827277256 0.19556085765361786 740
1716827278046 0.6074864268302917 750
1716827278833 0.20216456055641174 760
1716827279598 0.1817919760942459 770
1716827280415 0.1935911923646927 780
1716827281151 0.16682761907577515 790
1716827281858 0.4006768763065338 800
1716827282469 0.17305584251880646 810
1716827283031 0.1819639354944229 820
1716827283632 0.29761070013046265 830
1716827284191 0.20749646425247192 840
1716827284789 0.2826087176799774 850
1716827285384 0.17905892431735992 860
1716827285947 0.22520367801189423 870
1716827286529 0.10119178891181946 880
1716827287077 0.2257782518863678 890
1716827287611 0.12688931822776794 900
1716827288160 0.2635750472545624 910
1716827288753 0.3030247092247009 920
1716827289303 0.19263795018196106 930
