1716827178131 2.318274974822998 0
1716827178782 2.2850542068481445 10
1716827179368 2.250973701477051 20
1716827179871 2.20198130607605 30
1716827180550 2.0761520862579346 40
1716827181160 1.889601230621338 50
1716827181768 1.4834926128387451 60
1716827182396 1.1893779039382935 70
1716827182929 0.9001414179801941 80
1716827183446 0.57038813829422 90
1716827183966 0.6077919602394104 100
1716827184533 0.6844334006309509 110
1716827185176 0.43927109241485596 120
1716827185723 0.5181877613067627 130
1716827186254 0.43344295024871826 140
1716827186991 0.48960304260253906 150
1716827187855 0.5254204273223877 160
1716827188646 0.4188508987426758 170
1716827189518 0.18645553290843964 180
1716827190537 0.4451574385166168 190
1716827191843 0.38914093375205994 200
1716827192926 0.42653605341911316 210
1716827193529 0.2037041336297989 220
1716827194105 0.600633442401886 230
1716827194685 0.35887059569358826 240
1716827195334 0.4127797484397888 250
1716827196019 0.24677833914756775 260
1716827196619 0.28584203124046326 270
1716827197270 0.37210753560066223 280
1716827197885 0.41889750957489014 290
1716827198463 0.3484725058078766 300
1716827199065 0.2486272156238556 310
1716827199760 0.4576552212238312 320
1716827200462 0.311343789100647 330
1716827201185 0.3568349778652191 340
1716827201914 0.37710636854171753 350
1716827202595 0.3406778872013092 360
1716827203285 0.3122265338897705 370
1716827203961 0.26610708236694336 380
1716827204665 0.3101857304573059 390
1716827205371 0.40846726298332214 400
1716827206092 0.3848845064640045 410
1716827206829 0.29852187633514404 420
1716827207554 0.34502533078193665 430
1716827208325 0.3302029073238373 440
1716827209056 0.4608403444290161 450
1716827209823 0.1688181459903717 460
1716827210830 0.1448306143283844 470
1716827211862 0.3141748011112213 480
1716827212960 0.2666846513748169 490
1716827213947 0.2982175946235657 500
1716827214889 0.21374408900737762 510
1716827215798 0.2879149615764618 520
1716827216772 0.4025980830192566 530
1716827217716 0.24925179779529572 540
1716827218653 0.3155660629272461 550
1716827219577 0.30459246039390564 560
1716827220642 0.35732635855674744 570
1716827221573 0.2620841860771179 580
1716827222549 0.28203707933425903 590
1716827223451 0.1490073800086975 600
1716827224453 0.23069557547569275 610
1716827225487 0.3916558623313904 620
1716827226382 0.19008734822273254 630
1716827227308 0.20841084420681 640
1716827228265 0.29833686351776123 650
1716827229204 0.28267902135849 660
1716827230223 0.18434394896030426 670
1716827231180 0.2237786203622818 680
1716827232106 0.2658078074455261 690
1716827233046 0.27495118975639343 700
1716827234018 0.3021504580974579 710
1716827235100 0.4509481191635132 720
1716827236270 0.17927411198616028 730
1716827237264 0.30973005294799805 740
1716827238299 0.06171021610498428 750
1716827239255 0.22811205685138702 760
1716827240274 0.41111746430397034 770
1716827241214 0.32339128851890564 780
1716827242178 0.2712422013282776 790
1716827243101 0.20493419468402863 800
1716827244068 0.32060059905052185 810
1716827244961 0.14488430321216583 820
1716827245905 0.18287578225135803 830
1716827246883 0.23134176433086395 840
1716827247854 0.23216098546981812 850
1716827248835 0.3548159599304199 860
1716827249760 0.2401336282491684 870
1716827250704 0.10206802189350128 880
1716827251641 0.15673783421516418 890
1716827252601 0.4143051505088806 900
1716827253507 0.12939803302288055 910
1716827254457 0.09740947932004929 920
1716827255344 0.3394739329814911 930
